# Area, power, and other constants from Titanus synthesis

clock_frequency: 200 # in MHz

computing_engine:
  area: 41266.168469 # in um^2
  dynamic: 2.8640    # in mW
  leakage: 1.3381    # in mW

pruning_unit:
  area: 1408.100078
  dynamic: 0.1605425
  leakage: 0.0541255

quantization_unit:
  area: 190079.878942
  dynamic: 44.6438
  leakage: 7.1502

dequantization_unit:
  area: 4196.541940
  dynamic: 1.3315
  leakage: 0.1725232

softmax:
  area: 10233.256904
  dynamic: 0.4459328
  leakage: 0.3583871

layernorm:
  area: 2448.270909
  dynamic: 0.0388803
  leakage: 0.0824012

relu:
  area: 3835.585105
  dynamic: 0.2007864
  leakage: 0.1483522

# scale power and area from 22nm to 14nm
cim_macro: # 256 inputs, 32 outputs, 64Kb=8KB, 9 cycles
  area: 81950.586230 # (22nm: 202000.0)
  dynamic: 23.65 # (22nm: 37.13)
  leakage: 0.0

accumulator:
  area: 1413.730772
  dynamic: 1.4399
  leakage: 0.0715092

# Buffer parameters
global_buffer:
  block_size: 64 # bytes
  ddr_bandwidth: 370 # in GBps
  bandwidth: 15891.38 # ddr_bandwidth * 1024 * 1024 * 1024 * 8 / clock_frequency
  area: 294100.83 # um^2 per MB
  energy: 0.0856588 # (0.42123 + 0.418051) / 2 * math.sqrt(<weight_buffer_size in MB> / 24) in nJ
  leakage: 210.40467 # mW per MB

sz_buffer:
  block_size: 64 # bytes
  ddr_bandwidth: 370 # in GBps
  bandwidth: 15891.38 # ddr_bandwidth * 1024 * 1024 * 1024 * 8 / clock_frequency 
  area: 294100.83 # um^2 per MB
  energy: 0.0856588 # (0.42123 + 0.418051) / 2 * math.sqrt(<weight_buffer_size in MB> / 24) in nJ
  leakage: 210.40467 # mW per MB

# Main memory parameters
main_memory:
  block_size: 64
  ddr_bandwidth: 
    lb: 25.6 # in GBps
    hb: 256
  bandwidth: 
    lb: 1099.51 # ddr_bandwidth * 1024 * 1024 * 1024 * 8 / clock_frequency (data-transfer(bit)/cycle)
    hb: 10995.11
  energy:
    rram_16_2_2: 17.321165 # access energy in nJ
    rram_8_2_4: 32.655499
    rram_4_2_8: 69.3328008
    rram_2_2_16: 149.0564671
    rram_32_2_1: 8.63281599
    rram_1_2_32: 340.9690911
    dram_16_2_2: 69.00706337
    dram_8_2_4: 200.2819855
    dram_32_2_1: 13.43777522
    dram_16_4_1: 38.28777884
    hbm_32_1_4: 26.5569841
